              precision    recall  f1-score   support

           3       0.00      0.00      0.00         1
           4       0.00      0.00      0.00        10
           5       0.61      0.78      0.68       130
           6       0.60      0.48      0.54       132
           7       0.54      0.48      0.51        42
           8       0.00      0.00      0.00         5

    accuracy                           0.58       320
   macro avg       0.29      0.29      0.29       320
weighted avg       0.57      0.58      0.57       320
