              precision    recall  f1-score   support

           3       0.00      0.00      0.00         1
           4       0.00      0.00      0.00        10
           5       0.71      0.75      0.73       130
           6       0.62      0.70      0.66       132
           7       0.58      0.45      0.51        42
           8       0.00      0.00      0.00         5

    accuracy                           0.65       320
   macro avg       0.32      0.32      0.32       320
weighted avg       0.62      0.65      0.63       320
