              precision    recall  f1-score   support

           3       0.00      0.00      0.00         1
           4       0.00      0.00      0.00        10
           5       0.59      0.76      0.67       130
           6       0.55      0.49      0.52       132
           7       0.45      0.36      0.40        42
           8       0.00      0.00      0.00         5

    accuracy                           0.56       320
   macro avg       0.27      0.27      0.26       320
weighted avg       0.53      0.56      0.54       320
