              precision    recall  f1-score   support

           3       0.00      0.00      0.00         1
           4       0.00      0.00      0.00        10
           5       0.54      0.91      0.68       130
           6       0.53      0.31      0.39       132
           7       0.42      0.24      0.30        42
           8       0.00      0.00      0.00         5

    accuracy                           0.53       320
   macro avg       0.25      0.24      0.23       320
weighted avg       0.49      0.53      0.48       320
