              precision    recall  f1-score   support

           3       0.00      0.00      0.00         1
           4       0.00      0.00      0.00        10
           5       0.58      0.78      0.66       130
           6       0.53      0.42      0.47       132
           7       0.56      0.48      0.51        42
           8       0.00      0.00      0.00         5

    accuracy                           0.55       320
   macro avg       0.28      0.28      0.27       320
weighted avg       0.53      0.55      0.53       320
