              precision    recall  f1-score   support

           3       0.00      0.00      0.00         1
           4       0.00      0.00      0.00        10
           5       0.66      0.75      0.70       130
           6       0.55      0.66      0.60       132
           7       0.50      0.19      0.28        42
           8       0.00      0.00      0.00         5

    accuracy                           0.60       320
   macro avg       0.29      0.27      0.26       320
weighted avg       0.56      0.60      0.57       320
