              precision    recall  f1-score   support

           3       0.00      0.00      0.00         1
           4       0.00      0.00      0.00        10
           5       0.61      0.75      0.68       130
           6       0.53      0.62      0.57       132
           7       0.33      0.05      0.08        42
           8       0.00      0.00      0.00         5

    accuracy                           0.57       320
   macro avg       0.25      0.24      0.22       320
weighted avg       0.51      0.57      0.52       320
