              precision    recall  f1-score   support

           3       0.00      0.00      0.00         1
           4       0.00      0.00      0.00        10
           5       0.65      0.76      0.70       130
           6       0.53      0.61      0.57       132
           7       0.64      0.21      0.32        42
           8       0.00      0.00      0.00         5

    accuracy                           0.59       320
   macro avg       0.30      0.26      0.26       320
weighted avg       0.57      0.59      0.56       320
