              precision    recall  f1-score   support

           3       0.00      0.00      0.00         1
           4       0.00      0.00      0.00        10
           5       0.61      0.78      0.68       130
           6       0.54      0.60      0.57       132
           7       0.43      0.07      0.12        42
           8       0.00      0.00      0.00         5

    accuracy                           0.57       320
   macro avg       0.26      0.24      0.23       320
weighted avg       0.53      0.57      0.53       320
