              precision    recall  f1-score   support

           3       0.00      0.00      0.00         1
           4       0.00      0.00      0.00        10
           5       0.64      0.71      0.67       130
           6       0.51      0.61      0.55       132
           7       0.50      0.19      0.28        42
           8       0.00      0.00      0.00         5

    accuracy                           0.57       320
   macro avg       0.27      0.25      0.25       320
weighted avg       0.53      0.57      0.54       320
