              precision    recall  f1-score   support

           3       0.00      0.00      0.00         1
           4       0.00      0.00      0.00        10
           5       0.71      0.76      0.73       130
           6       0.64      0.70      0.67       132
           7       0.67      0.52      0.59        42
           8       0.00      0.00      0.00         5

    accuracy                           0.67       320
   macro avg       0.34      0.33      0.33       320
weighted avg       0.64      0.67      0.65       320
