              precision    recall  f1-score   support

           3       0.00      0.00      0.00         1
           4       0.00      0.00      0.00        10
           5       0.60      0.78      0.68       130
           6       0.60      0.49      0.54       132
           7       0.53      0.45      0.49        42
           8       0.00      0.00      0.00         5

    accuracy                           0.58       320
   macro avg       0.29      0.29      0.28       320
weighted avg       0.56      0.58      0.56       320
