              precision    recall  f1-score   support

           3       0.00      0.00      0.00         1
           4       0.00      0.00      0.00        10
           5       0.59      0.68      0.63       130
           6       0.48      0.61      0.54       132
           7       0.20      0.02      0.04        42
           8       0.00      0.00      0.00         5

    accuracy                           0.53       320
   macro avg       0.21      0.22      0.20       320
weighted avg       0.46      0.53      0.48       320
